c 9th DIMACS Implementation Challenge: Shortest Paths
c http://www.dis.uniroma1.it/~challenge9
c TIGER/Line graph DE.tmp
c
p sp 49109 121024
c graph contains 49109 nodes and 121024 arcs
c
a 1 2 760
a 2 1 760
a 3 4 1232
a 4 3 1232
a 3 5 1337
a 5 3 1337
a 6 7 729
a 7 6 729
a 8 1 527
a 1 8 527
a 8 9 475
a 9 8 475
a 10 6 90
a 6 10 90
a 11 6 625
a 6 11 625
a 11 12 197
a 12 11 197
a 13 3 283
a 3 13 283
a 14 10 126
a 10 14 126
a 15 16 704
a 16 15 704
a 15 11 113
a 11 15 113
a 17 1 298
a 1 17 298
a 17 10 776
a 10 17 776
a 18 19 716
a 19 18 716
a 18 8 1101
a 8 18 1101
a 20 21 287
a 21 20 287
a 18 22 88
a 22 18 88
a 23 24 36
a 24 23 36
a 25 20 419
a 20 25 419
a 25 26 1566
a 26 25 1566
a 27 23 335
a 23 27 335
a 28 20 562
a 20 28 562
a 29 23 612
a 23 29 612
a 30 27 939
a 27 30 939
a 30 31 2304
a 31 30 2304
a 32 30 16
a 30 32 16
a 33 27 457
a 27 33 457
a 34 33 157
a 33 34 157
a 35 36 691
a 36 35 691
a 35 37 266
a 37 35 266
a 38 35 73
a 35 38 73
a 39 28 682
a 28 39 682
a 40 39 217
a 39 40 217
a 41 42 837
a 42 41 837
a 41 43 746
a 43 41 746
a 44 38 176
a 38 44 176
a 45 46 199
a 46 45 199
a 47 45 522
a 45 47 522
a 48 49 453
a 49 48 453
a 50 51 693
a 51 50 693
a 52 50 266
a 50 52 266
a 53 48 292
a 48 53 292
a 53 54 126
a 54 53 126
a 55 56 280
a 56 55 280
a 57 50 400
a 50 57 400
a 57 53 257
a 53 57 257
a 58 59 250
a 59 58 250
a 60 61 80
a 61 60 80
a 62 60 232
a 60 62 232
a 63 58 38
a 58 63 38
a 63 64 138
a 64 63 138
a 65 66 618
a 66 65 618
a 65 58 1426
a 58 65 1426
a 67 68 219
a 68 67 219
a 69 70 63
a 70 69 63
a 71 39 1532
a 39 71 1532
a 71 72 242
a 72 71 242
a 73 74 94
a 74 73 94
a 73 63 297
a 63 73 297
a 75 76 258
a 76 75 258
a 77 67 277
a 67 77 277
a 78 79 21
a 79 78 21
a 80 81 95
a 81 80 95
a 82 83 55
a 83 82 55
a 82 84 60
a 84 82 60
a 85 82 27
a 82 85 27
a 86 80 146
a 80 86 146
a 87 88 118
a 88 87 118
a 89 87 618
a 87 89 618
a 89 47 2526
a 47 89 2526
a 90 65 877
a 65 90 877
a 90 91 181
a 91 90 181
a 92 93 776
a 93 92 776
a 94 90 454
a 90 94 454
a 95 96 532
a 96 95 532
a 92 97 125
a 97 92 125
a 98 99 59
a 99 98 59
a 100 101 843
a 101 100 843
a 100 89 919
a 89 100 919
a 102 103 482
a 103 102 482
a 102 104 351
a 104 102 351
a 105 106 36
a 106 105 36
a 107 108 118
a 108 107 118
a 109 110 917
a 110 109 917
a 109 111 301
a 111 109 301
a 112 80 1368
a 80 112 1368
a 113 114 683
a 114 113 683
a 113 112 689
a 112 113 689
a 115 112 580
a 112 115 580
a 115 116 403
a 116 115 403
a 117 118 56
a 118 117 56
a 117 119 529
a 119 117 529
a 117 120 76
a 120 117 76
a 121 122 36
a 122 121 36
a 123 115 466
a 115 123 466
a 123 85 2496
a 85 123 2496
a 124 125 183
a 125 124 183
a 125 126 311
a 126 125 311
a 127 128 773
a 128 127 773
a 127 129 617
a 129 127 617
a 130 131 240
a 131 130 240
a 130 123 796
a 123 130 796
a 132 133 1125
a 133 132 1125
a 134 135 113
a 135 134 113
a 134 136 1546
a 136 134 1546
a 137 125 71
a 125 137 71
a 138 139 147
a 139 138 147
a 140 141 225
a 141 140 225
a 142 134 865
a 134 142 865
a 143 144 209
a 144 143 209
a 143 145 126
a 145 143 126
a 146 147 45
a 147 146 45
a 148 149 587
a 149 148 587
a 150 151 94
a 151 150 94
a 150 152 190
a 152 150 190
a 153 148 544
a 148 153 544
a 153 154 207
a 154 153 207
a 155 148 286
a 148 155 286
a 156 150 377
a 150 156 377
a 157 158 41
a 158 157 41
a 157 156 22
a 156 157 22
a 159 160 149
a 160 159 149
a 159 153 407
a 153 159 407
a 161 162 99
a 162 161 99
a 163 155 369
a 155 163 369
a 163 159 824
a 159 163 824
a 164 155 493
a 155 164 493
a 164 163 595
a 163 164 595
a 165 143 907
a 143 165 907
a 166 164 520
a 164 166 520
a 167 168 155
a 168 167 155
a 167 165 385
a 165 167 385
a 169 165 298
a 165 169 298
a 169 166 1086
a 166 169 1086
a 118 170 281
a 170 118 281
a 171 166 332
a 166 171 332
a 172 167 392
a 167 172 392
a 172 173 45
a 173 172 45
a 174 175 449
a 175 174 449
a 176 177 333
a 177 176 333
a 178 179 428
a 179 178 428
a 178 142 1477
a 142 178 1477
a 180 181 508
a 181 180 508
a 182 183 83
a 183 182 83
a 184 169 532
a 169 184 532
a 184 185 973
a 185 184 973
a 186 187 16
a 187 186 16
a 188 189 189
a 189 188 189
a 188 190 114
a 190 188 114
a 191 180 773
a 180 191 773
a 192 193 99
a 193 192 99
a 194 195 653
a 195 194 653
a 182 196 306
a 196 182 306
a 193 161 170
a 161 193 170
a 162 193 97
a 193 162 97
a 121 118 133
a 118 121 133
a 161 78 86
a 78 161 86
a 197 184 720
a 184 197 720
a 198 199 1343
a 199 198 1343
a 198 197 25
a 197 198 25
a 200 197 137
a 197 200 137
a 183 201 85
a 201 183 85
a 202 203 563
a 203 202 563
a 204 202 834
a 202 204 834
a 204 205 825
a 205 204 825
a 206 204 58
a 204 206 58
a 207 208 40
a 208 207 40
a 209 198 328
a 198 209 328
a 206 210 715
a 210 206 715
a 211 212 69
a 212 211 69
a 213 214 517
a 214 213 517
a 215 216 391
a 216 215 391
a 215 213 332
a 213 215 332
a 217 215 616
a 215 217 616
a 217 218 207
a 218 217 207
a 219 217 303
a 217 219 303
a 220 221 1201
a 221 220 1201
a 220 222 1196
a 222 220 1196
a 223 224 68
a 224 223 68
a 225 226 66
a 226 225 66
a 227 228 386
a 228 227 386
a 227 219 556
a 219 227 556
a 229 230 178
a 230 229 178
a 231 227 26
a 227 231 26
a 231 232 1028
a 232 231 1028
a 233 234 341
a 234 233 341
a 235 236 231
a 236 235 231
a 237 238 260
a 238 237 260
a 237 233 544
a 233 237 544
a 239 240 196
a 240 239 196
a 241 219 525
a 219 241 525
a 242 239 213
a 239 242 213
a 183 243 265
a 243 183 265
a 244 231 578
a 231 244 578
a 245 246 41
a 246 245 41
a 247 206 1270
a 206 247 1270
a 248 249 119
a 249 248 119
a 250 248 1113
a 248 250 1113
a 250 251 725
a 251 250 725
a 252 253 193
a 253 252 193
a 254 255 755
a 255 254 755
a 230 256 41
a 256 230 41
a 257 258 33
a 258 257 33
a 257 254 27
a 254 257 27
a 259 250 267
a 250 259 267
a 260 261 964
a 261 260 964
a 262 257 284
a 257 262 284
a 263 264 468
a 264 263 468
a 263 265 211
a 265 263 211
a 263 259 561
a 259 263 561
a 266 267 813
a 267 266 813
a 266 268 179
a 268 266 179
a 269 262 192
a 262 269 192
a 269 257 369
a 257 269 369
a 270 271 272
a 271 270 272
a 272 270 40
a 270 272 40
a 273 274 258
a 274 273 258
a 275 262 944
a 262 275 944
a 201 276 301
a 276 201 301
a 277 229 14
a 229 277 14
a 278 259 669
a 259 278 669
a 278 273 748
a 273 278 748
a 279 280 332
a 280 279 332
a 279 281 211
a 281 279 211
a 282 272 376
a 272 282 376
a 283 279 514
a 279 283 514
a 284 285 451
a 285 284 451
a 284 286 373
a 286 284 373
a 287 288 338
a 288 287 338
a 287 278 1000
a 278 287 1000
a 289 260 1444
a 260 289 1444
a 289 284 375
a 284 289 375
a 290 289 174
a 289 290 174
a 290 284 311
a 284 290 311
a 291 283 935
a 283 291 935
a 292 287 444
a 287 292 444
a 293 294 469
a 294 293 469
a 295 296 41
a 296 295 41
a 296 292 173
a 292 296 173
a 295 293 471
a 293 295 471
a 296 297 110
a 297 296 110
a 298 295 166
a 295 298 166
a 299 300 65
a 300 299 65
a 299 301 100
a 301 299 100
a 302 303 157
a 303 302 157
a 304 290 350
a 290 304 350
a 305 304 157
a 304 305 157
a 305 290 350
a 290 305 350
a 306 293 504
a 293 306 504
a 306 307 326
a 307 306 326
a 308 299 110
a 299 308 110
a 309 302 171
a 302 309 171
a 310 308 152
a 308 310 152
a 311 312 37
a 312 311 37
a 313 314 654
a 314 313 654
a 313 315 315
a 315 313 315
a 316 308 582
a 308 316 582
a 317 316 197
a 316 317 197
a 318 319 128
a 319 318 128
a 320 321 131
a 321 320 131
a 322 323 537
a 323 322 537
a 322 324 865
a 324 322 865
a 36 18 286
a 18 36 286
a 325 13 68
a 13 325 68
a 21 13 59
a 13 21 59
a 46 25 1420
a 25 46 1420
a 326 17 1468
a 17 326 1468
a 327 15 166
a 15 327 166
a 328 329 306
a 329 328 306
a 330 32 125
a 32 330 125
a 42 32 186
a 32 42 186
a 66 326 253
a 326 66 253
a 59 331 399
a 331 59 399
a 332 328 559
a 328 332 559
a 81 333 802
a 333 81 802
a 76 57 673
a 57 76 673
a 88 71 405
a 71 88 405
a 334 73 57
a 73 334 57
a 74 67 626
a 67 74 626
a 83 335 817
a 335 83 817
a 84 332 746
a 332 84 746
a 116 336 448
a 336 116 448
a 336 337 1076
a 337 336 1076
a 337 75 80
a 75 337 80
a 335 75 80
a 75 335 80
a 91 85 441
a 85 91 441
a 103 338 261
a 338 103 261
a 339 102 663
a 102 339 663
a 104 334 991
a 334 104 991
a 170 339 360
a 339 170 360
a 135 127 704
a 127 135 704
a 129 340 165
a 340 129 165
a 128 113 535
a 113 128 535
a 114 100 660
a 100 114 660
a 56 47 135
a 47 56 135
a 141 132 1018
a 132 141 1018
a 341 94 1949
a 94 341 1949
a 342 142 227
a 142 342 227
a 136 109 560
a 109 136 560
a 343 87 418
a 87 343 418
a 160 157 77
a 157 160 77
a 158 344 136
a 344 158 136
a 151 341 1055
a 341 151 1055
a 152 140 786
a 140 152 786
a 345 140 280
a 140 345 280
a 195 132 1703
a 132 195 1703
a 346 347 653
a 347 346 653
a 267 178 406
a 178 267 406
a 179 172 132
a 172 179 132
a 144 134 443
a 134 144 443
a 214 202 436
a 202 214 436
a 203 348 328
a 348 203 328
a 349 350 520
a 350 349 520
a 351 349 185
a 349 351 185
a 352 237 494
a 237 352 494
a 221 199 219
a 199 221 219
a 240 233 86
a 233 240 86
a 232 200 1019
a 200 232 1019
a 271 353 16
a 353 271 16
a 300 354 533
a 354 300 533
a 301 275 758
a 275 301 758
a 280 275 287
a 275 280 287
a 255 352 1287
a 352 255 1287
a 355 317 151
a 317 355 151
a 356 273 586
a 273 356 586
a 274 272 1501
a 272 274 1501
a 249 357 754
a 357 249 754
a 358 359 256
a 359 358 256
a 360 283 238
a 283 360 238
a 324 361 185
a 361 324 185
a 307 304 160
a 304 307 160
a 294 289 401
a 289 294 401
a 264 260 576
a 260 264 576
a 362 241 151
a 241 362 151
a 350 220 34
a 220 350 34
a 234 209 249
a 209 234 249
a 261 244 232
a 244 261 232
a 251 362 318
a 362 251 318
a 357 247 338
a 247 357 338
a 363 309 833
a 309 363 833
a 359 356 1025
a 356 359 1025
a 323 364 386
a 364 323 386
a 365 306 590
a 306 365 590
a 366 305 630
a 305 366 630
a 331 38 671
a 38 331 671
a 331 367 341
a 367 331 341
a 368 369 203
a 369 368 203
a 338 94 245
a 94 338 245
a 338 370 242
a 370 338 242
a 329 33 326
a 33 329 326
a 329 371 141
a 371 329 141
a 347 345 592
a 345 347 592
a 181 156 506
a 156 181 506
a 372 181 951
a 181 372 951
a 133 121 396
a 121 133 396
a 133 373 145
a 373 133 145
a 51 330 83
a 330 51 83
a 51 374 230
a 374 51 230
a 49 375 192
a 375 49 192
a 49 376 126
a 376 49 126
a 333 48 401
a 48 333 401
a 333 377 322
a 377 333 322
a 28 325 397
a 325 28 397
a 378 379 12
a 379 378 12
a 201 380 261
a 380 201 261
a 149 130 173
a 130 149 173
a 149 381 306
a 381 149 306
a 173 169 761
a 169 173 761
a 173 382 138
a 382 173 138
a 383 384 49
a 384 383 49
a 385 386 318
a 386 385 318
a 387 177 195
a 177 387 195
a 238 388 504
a 388 238 504
a 238 389 63
a 389 238 63
a 390 354 545
a 354 390 545
a 354 391 206
a 391 354 206
a 392 355 215
a 355 392 215
a 392 393 441
a 393 392 441
a 394 392 86
a 392 394 86
a 394 395 322
a 395 394 322
a 96 396 181
a 396 96 181
a 397 239 1901
a 239 397 1901
a 285 397 81
a 397 285 81
a 361 365 211
a 365 361 211
a 398 399 86
a 399 398 86
a 205 194 31
a 194 205 31
a 348 346 288
a 346 348 288
a 348 400 570
a 400 348 570
a 400 401 257
a 401 400 257
a 402 403 107
a 403 402 107
a 404 405 20
a 405 404 20
a 406 309 56
a 309 406 56
a 407 408 124
a 408 407 124
a 409 270 299
a 270 409 299
a 410 247 965
a 247 410 965
a 411 121 43
a 121 411 43
a 412 413 168
a 413 412 168
a 414 415 131
a 415 414 131
a 416 417 201
a 417 416 201
a 418 419 973
a 419 418 973
a 420 421 238
a 421 420 238
a 420 416 379
a 416 420 379
a 422 368 169
a 368 422 169
a 423 424 1104
a 424 423 1104
a 423 416 1036
a 416 423 1036
a 425 426 250
a 426 425 250
a 425 423 851
a 423 425 851
a 427 428 11
a 428 427 11
a 427 429 1117
a 429 427 1117
a 430 427 48
a 427 430 48
a 431 432 110
a 432 431 110
a 107 433 96
a 433 107 96
a 434 435 650
a 435 434 650
a 436 437 327
a 437 436 327
a 438 439 61
a 439 438 61
a 440 441 162
a 441 440 162
a 440 438 99
a 438 440 99
a 434 442 232
a 442 434 232
a 443 444 73
a 444 443 73
a 445 446 1499
a 446 445 1499
a 445 436 890
a 436 445 890
a 444 447 55
a 447 444 55
a 448 439 270
a 439 448 270
a 448 439 270
a 439 448 270
a 449 450 60
a 450 449 60
a 451 438 139
a 438 451 139
a 452 444 312
a 444 452 312
a 453 454 374
a 454 453 374
a 455 456 321
a 456 455 321
a 457 458 162
a 458 457 162
a 459 460 90
a 460 459 90
a 461 449 369
a 449 461 369
a 461 459 129
a 459 461 129
a 462 457 289
a 457 462 289
a 463 464 97
a 464 463 97
a 465 457 1142
a 457 465 1142
a 466 467 109
a 467 466 109
a 466 468 415
a 468 466 415
a 469 465 95
a 465 469 95
a 470 430 1273
a 430 470 1273
a 470 469 114
a 469 470 114
a 471 461 442
a 461 471 442
a 472 473 982
a 473 472 982
a 472 474 503
a 474 472 503
a 475 470 628
a 470 475 628
a 476 475 60
a 475 476 60
a 476 475 60
a 475 476 60
a 477 478 141
a 478 477 141
a 477 479 195
a 479 477 195
a 480 470 258
a 470 480 258
a 481 465 326
a 465 481 326
a 481 469 305
a 469 481 305
a 481 480 154
a 480 481 154
a 482 483 499
a 483 482 499
a 482 480 371
a 480 482 371
a 484 485 192
a 485 484 192
a 486 484 20
a 484 486 20
a 486 487 38
a 487 486 38
a 488 489 79
a 489 488 79
a 488 486 61
a 486 488 61
a 490 491 76
a 491 490 76
a 492 490 31
a 490 492 31
a 493 466 1095
a 466 493 1095
a 493 494 893
a 494 493 893
a 495 496 84
a 496 495 84
a 495 488 48
a 488 495 48
a 497 495 63
a 495 497 63
a 497 490 26
a 490 497 26
a 498 499 100
a 499 498 100
a 498 497 108
a 497 498 108
a 500 498 99
a 498 500 99
a 501 484 100
a 484 501 100
a 501 498 274
a 498 501 274
a 502 501 189
a 501 502 189
a 503 493 615
a 493 503 615
a 504 505 348
a 505 504 348
a 506 503 1717
a 503 506 1717
a 506 507 101
a 507 506 101
a 508 506 677
a 506 508 677
a 508 509 92
a 509 508 92
a 510 508 61
a 508 510 61
a 510 502 169
a 502 510 169
a 511 512 374
a 512 511 374
a 511 513 648
a 513 511 648
a 514 515 250
a 515 514 250
a 516 517 119
a 517 516 119
a 518 516 296
a 516 518 296
a 519 516 38
a 516 519 38
a 520 521 77
a 521 520 77
a 258 522 24
a 522 258 24
a 523 472 1153
a 472 523 1153
a 523 524 205
a 524 523 205
a 525 518 964
a 518 525 964
a 526 527 549
a 527 526 549
a 528 529 340
a 529 528 340
a 530 531 665
a 531 530 665
a 532 528 400
a 528 532 400
a 532 533 508
a 533 532 508
a 532 534 60
a 534 532 60
a 535 514 238
a 514 535 238
a 536 537 321
a 537 536 321
a 536 538 245
a 538 536 245
a 539 535 273
a 535 539 273
a 539 540 140
a 540 539 140
a 514 541 97
a 541 514 97
a 542 510 615
a 510 542 615
a 543 519 578
a 519 543 578
a 544 523 513
a 523 544 513
a 343 544 726
a 544 343 726
a 397 545 64
a 545 397 64
a 97 546 329
a 546 97 329
a 544 526 867
a 526 544 867
a 547 548 275
a 548 547 275
a 547 536 279
a 536 547 279
a 549 535 122
a 535 549 122
a 550 547 40
a 547 550 40
a 551 552 265
a 552 551 265
a 553 532 626
a 532 553 626
a 554 530 645
a 530 554 645
a 555 556 25
a 556 555 25
a 557 558 134
a 558 557 134
a 559 560 224
a 560 559 224
a 559 561 174
a 561 559 174
a 110 544 553
a 544 110 553
a 562 563 12
a 563 562 12
a 562 564 160
a 564 562 160
a 442 565 299
a 565 442 299
a 566 559 309
a 559 566 309
a 567 562 604
a 562 567 604
a 567 566 134
a 566 567 134
a 568 563 258
a 563 568 258
a 569 570 184
a 570 569 184
a 571 568 287
a 568 571 287
a 572 573 143
a 573 572 143
a 574 543 1050
a 543 574 1050
a 574 559 1083
a 559 574 1083
a 575 569 360
a 569 575 360
a 576 575 183
a 575 576 183
a 577 550 1090
a 550 577 1090
a 577 575 642
a 575 577 642
a 578 566 455
a 566 578 455
a 579 580 178
a 580 579 178
a 581 582 192
a 582 581 192
a 581 110 924
a 110 581 924
a 583 579 104
a 579 583 104
a 584 585 467
a 585 584 467
a 584 586 136
a 586 584 136
a 442 587 288
a 587 442 288
a 286 360 52
a 360 286 52
a 588 589 159
a 589 588 159
a 588 577 314
a 577 588 314
a 590 574 537
a 574 590 537
a 591 592 973
a 592 591 973
a 591 593 932
a 593 591 932
a 314 591 176
a 591 314 176
a 594 576 593
a 576 594 593
a 594 595 602
a 595 594 602
a 596 579 538
a 579 596 538
a 597 598 37
a 598 597 37
a 599 600 60
a 600 599 60
a 601 590 594
a 590 601 594
a 601 602 553
a 602 601 553
a 603 599 544
a 599 603 544
a 603 604 76
a 604 603 76
a 605 603 693
a 603 605 693
a 606 603 194
a 603 606 194
a 607 608 102
a 608 607 102
a 609 610 167
a 610 609 167
a 611 612 126
a 612 611 126
a 611 605 602
a 605 611 602
a 613 606 230
a 606 613 230
a 614 606 295
a 606 614 295
a 615 616 348
a 616 615 348
a 617 618 404
a 618 617 404
a 619 609 74
a 609 619 74
a 620 621 82
a 621 620 82
a 622 615 313
a 615 622 313
a 623 622 450
a 622 623 450
a 624 591 1089
a 591 624 1089
a 625 622 186
a 622 625 186
a 626 627 928
a 627 626 928
a 626 623 389
a 623 626 389
a 628 629 190
a 629 628 190
a 628 601 1613
a 601 628 1613
a 623 630 275
a 630 623 275
a 342 631 1439
a 631 342 1439
a 632 633 308
a 633 632 308
a 632 628 139
a 628 632 139
a 634 635 269
a 635 634 269
a 636 637 268
a 637 636 268
a 636 638 384
a 638 636 384
a 639 640 583
a 640 639 583
a 641 634 523
a 634 641 523
a 641 642 269
a 642 641 269
a 643 624 788
a 624 643 788
a 644 626 809
a 626 644 809
a 644 645 828
a 645 644 828
a 646 632 626
a 632 646 626
a 647 648 37
a 648 647 37
a 649 643 333
a 643 649 333
a 650 651 282
a 651 650 282
a 652 650 137
a 650 652 137
a 565 653 39
a 653 565 39
a 649 646 360
a 646 649 360
a 565 654 241
a 654 565 241
a 655 656 68
a 656 655 68
a 657 658 122
a 658 657 122
a 659 660 274
a 660 659 274
a 659 649 146
a 649 659 146
a 661 662 799
a 662 661 799
a 661 644 359
a 644 661 359
a 663 664 125
a 664 663 125
a 665 666 687
a 666 665 687
a 665 667 274
a 667 665 274
a 663 668 309
a 668 663 309
a 669 670 72
a 670 669 72
a 669 671 74
a 671 669 74
a 672 673 51
a 673 672 51
a 674 675 48
a 675 674 48
a 676 649 275
a 649 676 275
a 677 672 134
a 672 677 134
a 678 679 53
a 679 678 53
a 678 677 195
a 677 678 195
a 680 681 233
a 681 680 233
a 682 683 16
a 683 682 16
a 684 682 147
a 682 684 147
a 685 680 180
a 680 685 180
a 686 687 57
a 687 686 57
a 686 688 235
a 688 686 235
a 689 690 21
a 690 689 21
a 689 691 103
a 691 689 103
a 692 678 211
a 678 692 211
a 693 686 126
a 686 693 126
a 693 694 65
a 694 693 65
a 695 692 106
a 692 695 106
a 695 677 193
a 677 695 193
a 696 682 90
a 682 696 90
a 697 684 101
a 684 697 101
a 697 696 146
a 696 697 146
a 698 699 21
a 699 698 21
a 698 689 105
a 689 698 105
a 700 701 57
a 701 700 57
a 702 700 156
a 700 702 156
a 702 703 82
a 703 702 82
a 704 698 89
a 698 704 89
a 704 705 108
a 705 704 108
a 706 707 59
a 707 706 59
a 706 700 124
a 700 706 124
a 708 709 297
a 709 708 297
a 708 710 71
a 710 708 71
a 708 711 124
a 711 708 124
a 712 692 134
a 692 712 134
a 713 714 129
a 714 713 129
a 713 697 103
a 697 713 103
a 715 712 173
a 712 715 173
a 715 716 91
a 716 715 91
a 717 718 2
a 718 717 2
a 717 719 17
a 719 717 17
a 720 721 520
a 721 720 520
a 722 723 54
a 723 722 54
a 724 725 95
a 725 724 95
a 726 722 126
a 722 726 126
a 726 727 57
a 727 726 57
a 728 729 88
a 729 728 88
a 728 726 51
a 726 728 51
a 730 731 1217
a 731 730 1217
a 730 732 885
a 732 730 885
a 733 720 998
a 720 733 998
a 733 730 111
a 730 733 111
a 734 713 100
a 713 734 100
a 735 712 173
a 712 735 173
a 736 735 228
a 735 736 228
a 736 715 104
a 715 736 104
a 737 735 20
a 735 737 20
a 738 663 682
a 663 738 682
a 738 739 374
a 739 738 374
a 740 741 67
a 741 740 67
a 740 742 17
a 742 740 17
a 743 744 30
a 744 743 30
a 743 745 30
a 745 743 30
a 746 708 216
a 708 746 216
a 746 737 119
a 737 746 119
a 747 737 79
a 737 747 79
a 748 722 160
a 722 748 160
a 748 749 13
a 749 748 13
a 750 747 240
a 747 750 240
a 750 736 84
a 736 750 84
a 751 748 48
a 748 751 48
a 751 728 213
a 728 751 213
a 752 751 55
a 751 752 55
a 753 754 250
a 754 753 250
a 755 747 105
a 747 755 105
a 756 755 253
a 755 756 253
a 756 750 109
a 750 756 109
a 757 753 219
a 753 757 219
a 757 734 258
a 734 757 258
a 758 759 57
a 759 758 57
a 758 740 241
a 740 758 241
a 760 746 226
a 746 760 226
a 761 760 75
a 760 761 75
a 762 755 84
a 755 762 84
a 762 760 76
a 760 762 76
a 763 762 261
a 762 763 261
a 763 756 86
a 756 763 86
a 96 764 192
a 764 96 192
a 765 766 95
a 766 765 95
a 765 767 168
a 767 765 168
a 768 758 64
a 758 768 64
a 768 765 114
a 765 768 114
a 222 182 124
a 182 222 124
a 769 768 81
a 768 769 81
a 770 760 72
a 760 770 72
a 770 761 75
a 761 770 75
a 771 770 39
a 770 771 39
a 772 773 104
a 773 772 104
a 772 769 133
a 769 772 133
a 774 775 28
a 775 774 28
a 776 777 11
a 777 776 11
a 776 752 213
a 752 776 213
a 778 772 110
a 772 778 110
a 385 387 266
a 387 385 266
a 779 780 163
a 780 779 163
a 781 782 72
a 782 781 72
a 783 784 15
a 784 783 15
a 783 785 134
a 785 783 134
a 207 786 69
a 786 207 69
a 207 787 116
a 787 207 116
a 788 789 193
a 789 788 193
a 788 790 87
a 790 788 87
a 791 769 102
a 769 791 102
a 792 772 99
a 772 792 99
a 792 791 125
a 791 792 125
a 793 762 182
a 762 793 182
a 793 770 149
a 770 793 149
a 794 778 97
a 778 794 97
a 794 792 120
a 792 794 120
a 795 796 57
a 796 795 57
a 797 781 109
a 781 797 109
a 797 795 170
a 795 797 170
a 798 776 127
a 776 798 127
a 799 800 97
a 800 799 97
a 801 802 98
a 802 801 98
a 803 804 53
a 804 803 53
a 805 799 86
a 799 805 86
a 805 798 167
a 798 805 167
a 805 207 107
a 207 805 107
a 806 807 74
a 807 806 74
a 808 809 23
a 809 808 23
a 810 811 64
a 811 810 64
a 810 812 58
a 812 810 58
a 813 814 855
a 814 813 855
a 813 222 1358
a 222 813 1358
a 815 803 65
a 803 815 65
a 815 794 108
a 794 815 108
a 816 817 87
a 817 816 87
a 816 818 62
a 818 816 62
a 819 820 332
a 820 819 332
a 819 821 477
a 821 819 477
a 822 805 102
a 805 822 102
a 822 823 145
a 823 822 145
a 824 825 61
a 825 824 61
a 824 799 105
a 799 824 105
a 822 824 114
a 824 822 114
a 826 827 95
a 827 826 95
a 828 829 67
a 829 828 67
a 828 810 123
a 810 828 123
a 830 831 116
a 831 830 116
a 830 826 329
a 826 830 329
a 832 833 56
a 833 832 56
a 832 816 107
a 816 832 107
a 834 828 90
a 828 834 90
a 835 836 66
a 836 835 66
a 835 837 114
a 837 835 114
a 838 832 105
a 832 838 105
a 838 839 53
a 839 838 53
a 840 841 437
a 841 840 437
a 842 840 76
a 840 842 76
a 843 844 109
a 844 843 109
a 843 842 144
a 842 843 144
a 845 835 149
a 835 845 149
a 846 847 38
a 847 846 38
a 846 843 324
a 843 846 324
a 848 847 88
a 847 848 88
a 849 720 916
a 720 849 916
a 849 850 149
a 850 849 149
a 851 852 101
a 852 851 101
a 851 853 51
a 853 851 51
a 854 851 195
a 851 854 195
a 854 855 50
a 855 854 50
a 856 854 233
a 854 856 233
a 857 858 141
a 858 857 141
a 857 813 551
a 813 857 551
a 859 860 58
a 860 859 58
a 861 862 143
a 862 861 143
a 863 864 111
a 864 863 111
a 863 840 211
a 840 863 211
a 865 842 208
a 842 865 208
a 865 863 81
a 863 865 81
a 866 865 150
a 865 866 150
a 866 843 221
a 843 866 221
a 867 819 542
a 819 867 542
a 868 846 218
a 846 868 218
a 868 866 324
a 866 868 324
a 869 848 223
a 848 869 223
a 869 868 131
a 868 869 131
a 870 869 107
a 869 870 107
a 871 872 57
a 872 871 57
a 873 871 99
a 871 873 99
a 874 875 52
a 875 874 52
a 874 873 213
a 873 874 213
a 876 877 124
a 877 876 124
a 878 779 53
a 779 878 53
a 879 873 140
a 873 879 140
a 880 881 161
a 881 880 161
a 880 882 134
a 882 880 134
a 880 879 93
a 879 880 93
a 883 884 25
a 884 883 25
a 883 879 228
a 879 883 228
a 883 874 139
a 874 883 139
a 885 884 106
a 884 885 106
a 886 878 422
a 878 886 422
a 887 876 83
a 876 887 83
a 887 888 358
a 888 887 358
a 889 890 26
a 890 889 26
a 889 62 66
a 62 889 66
a 891 889 41
a 889 891 41
a 892 893 101
a 893 892 101
a 894 857 680
a 857 894 680
a 895 896 55
a 896 895 55
a 895 897 208
a 897 895 208
a 898 894 144
a 894 898 144
a 899 900 56
a 900 899 56
a 901 899 52
a 899 901 52
a 902 901 173
a 901 902 173
a 903 902 150
a 902 903 150
a 904 905 141
a 905 904 141
a 61 886 231
a 886 61 231
a 61 903 101
a 903 61 101
a 906 60 59
a 60 906 59
a 906 891 191
a 891 906 191
a 907 902 94
a 902 907 94
a 908 907 149
a 907 908 149
a 908 903 84
a 903 908 84
a 572 226 42
a 226 572 42
a 909 910 187
a 910 909 187
a 911 908 53
a 908 911 53
a 912 911 151
a 911 912 151
a 912 907 58
a 907 912 58
a 913 899 281
a 899 913 281
a 913 901 251
a 901 913 251
a 914 913 111
a 913 914 111
a 914 912 98
a 912 914 98
a 915 914 231
a 914 915 231
a 915 911 108
a 911 915 108
a 916 917 52
a 917 916 52
a 916 915 192
a 915 916 192
a 918 894 418
a 894 918 418
a 919 915 138
a 915 919 138
a 920 918 195
a 918 920 195
a 415 921 285
a 921 415 285
a 98 922 77
a 922 98 77
a 923 924 170
a 924 923 170
a 925 926 15
a 926 925 15
a 927 928 151
a 928 927 151
a 929 927 323
a 927 929 323
a 924 930 171
a 930 924 171
a 924 931 154
a 931 924 154
a 932 933 21
a 933 932 21
a 934 923 199
a 923 934 199
a 935 936 134
a 936 935 134
a 937 938 1220
a 938 937 1220
a 937 939 2512
a 939 937 2512
a 940 941 56
a 941 940 56
a 942 943 385
a 943 942 385
a 942 944 360
a 944 942 360
a 945 946 92
a 946 945 92
a 947 942 156
a 942 947 156
a 948 937 749
a 937 948 749
a 948 909 2194
a 909 948 2194
a 949 947 166
a 947 949 166
a 950 617 163
a 617 950 163
a 258 935 1164
a 935 258 1164
a 951 952 985
a 952 951 985
a 951 953 842
a 953 951 842
a 954 892 1924
a 892 954 1924
a 946 955 129
a 955 946 129
a 956 957 1155
a 957 956 1155
a 958 947 601
a 947 958 601
a 959 958 51
a 958 959 51
a 960 916 1731
a 916 960 1731
a 960 961 434
a 961 960 434
a 962 963 100
a 963 962 100
a 964 962 692
a 962 964 692
a 965 966 950
a 966 965 950
a 965 962 1488
a 962 965 1488
a 967 968 468
a 968 967 468
a 969 967 542
a 967 969 542
a 969 970 404
a 970 969 404
a 971 972 226
a 972 971 226
a 971 973 75
a 973 971 75
a 974 975 809
a 975 974 809
a 974 976 570
a 976 974 570
a 977 978 361
a 978 977 361
a 977 979 289
a 979 977 289
a 980 981 136
a 981 980 136
a 980 982 568
a 982 980 568
a 980 983 108
a 983 980 108
a 984 985 782
a 985 984 782
a 986 987 203
a 987 986 203
a 988 989 57
a 989 988 57
a 988 986 30
a 986 988 30
a 990 991 358
a 991 990 358
a 990 992 140
a 992 990 140
a 993 994 696
a 994 993 696
a 995 996 270
a 996 995 270
a 996 422 258
a 422 996 258
a 454 422 661
a 422 454 661
a 450 425 851
a 425 450 851
a 441 418 850
a 418 441 850
a 468 423 1253
a 423 468 1253
a 997 471 336
a 471 997 336
a 433 998 36
a 998 433 36
a 533 482 334
a 482 533 334
a 521 504 162
a 504 521 162
a 999 511 442
a 511 999 442
a 473 445 866
a 445 473 866
a 474 1000 1310
a 1000 474 1310
a 1001 550 73
a 550 1001 73
a 1002 520 110
a 520 1002 110
a 529 525 246
a 525 529 246
a 627 578 707
a 578 627 707
a 580 571 322
a 571 580 322
a 631 620 235
a 620 631 235
a 595 581 86
a 581 595 86
a 582 576 434
a 576 582 434
a 1003 1004 1074
a 1004 1003 1074
a 638 614 439
a 614 638 439
a 1005 620 421
a 620 1005 421
a 683 680 67
a 680 683 67
a 1006 685 47
a 685 1006 47
a 688 685 33
a 685 688 33
a 1007 1008 59
a 1008 1007 59
a 1009 1010 27
a 1010 1009 27
a 1011 1012 46
a 1012 1011 46
a 679 1013 33
a 1013 679 33
a 681 669 44
a 669 681 44
a 1014 665 421
a 665 1014 421
a 640 590 1375
a 590 640 1375
a 1015 676 118
a 676 1015 118
a 691 674 92
a 674 691 92
a 1016 625 166
a 625 1016 166
a 586 583 194
a 583 586 194
a 276 266 163
a 266 276 163
a 814 1017 1246
a 1017 814 1246
a 1018 788 92
a 788 1018 92
a 790 1019 863
a 1019 790 863
a 910 887 164
a 887 910 164
a 939 876 213
a 876 939 213
a 933 923 274
a 923 933 274
a 953 1020 273
a 1020 953 273
a 1021 867 299
a 867 1021 299
a 896 891 239
a 891 896 239
a 966 948 604
a 948 966 604
a 943 927 239
a 927 943 239
a 1022 269 394
a 269 1022 394
a 978 1023 40
a 1023 978 40
a 979 1024 480
a 1024 979 480
a 1025 993 173
a 993 1025 173
a 1026 974 905
a 974 1026 905
a 1027 1028 625
a 1028 1027 625
a 1029 980 252
a 980 1029 252
a 983 1027 738
a 1027 983 738
a 982 977 1404
a 977 982 1404
a 981 1030 474
a 1030 981 474
a 1031 1032 202
a 1032 1031 202
a 478 107 27
a 107 478 27
a 531 1033 394
a 1033 531 394
a 612 1034 37
a 1034 612 37
a 1035 1036 39
a 1036 1035 39
a 1037 1038 14
a 1038 1037 14
a 775 771 28
a 771 775 28
a 777 774 24
a 774 777 24
a 749 1037 59
a 1037 749 59
a 1036 706 26
a 706 1036 26
a 1034 314 1051
a 314 1034 1051
a 961 1039 33
a 1039 961 33
a 1039 954 116
a 954 1039 116
a 1040 892 370
a 892 1040 370
a 1041 1042 13
a 1042 1041 13
a 1042 822 350
a 822 1042 350
a 890 1043 73
a 1043 890 73
a 1044 1021 298
a 1021 1044 298
a 938 867 271
a 867 938 271
a 877 1045 108
a 1045 877 108
a 1046 868 34
a 868 1046 34
a 1047 866 33
a 866 1047 33
a 1023 967 366
a 967 1023 366
a 437 995 164
a 995 437 164
a 1048 504 113
a 504 1048 113
a 537 520 15
a 520 537 15
a 552 1001 52
a 1001 552 52
a 604 588 392
a 588 604 392
a 1049 1050 121
a 1050 1049 121
a 600 594 285
a 594 600 285
a 1051 1052 422
a 1052 1051 422
a 1053 1054 122
a 1054 1053 122
a 1055 1056 175
a 1056 1055 175
a 1057 1058 37
a 1058 1057 37
a 893 1059 136
a 1059 893 136
a 936 932 25
a 932 936 25
a 1028 316 988
a 316 1028 988
a 1030 1060 442
a 1060 1030 442
a 1024 954 557
a 954 1024 557
a 968 960 348
a 960 968 348
a 970 1061 474
a 1061 970 474
a 1062 951 189
a 951 1062 189
a 972 965 197
a 965 972 197
a 985 965 131
a 965 985 131
a 994 1063 501
a 1063 994 501
a 527 999 207
a 999 527 207
a 527 1064 524
a 1064 527 524
a 1065 1066 360
a 1066 1065 360
a 1067 445 651
a 445 1067 651
a 1067 1068 353
a 1068 1067 353
a 1069 1067 317
a 1067 1069 317
a 513 1069 221
a 1069 513 221
a 1070 1071 113
a 1071 1070 113
a 513 1072 65
a 1072 513 65
a 512 1048 176
a 1048 512 176
a 512 1073 156
a 1073 512 156
a 1074 1002 303
a 1002 1074 303
a 1074 1075 338
a 1075 1074 338
a 1071 1076 95
a 1076 1071 95
a 716 1077 287
a 1077 716 287
a 505 477 804
a 477 505 804
a 1033 1074 234
a 1074 1033 234
a 1078 1071 52
a 1071 1078 52
a 607 1079 186
a 1079 607 186
a 1078 1080 129
a 1080 1078 129
a 1081 607 69
a 607 1081 69
a 1004 611 184
a 611 1004 184
a 1004 1082 102
a 1082 1004 102
a 1082 1083 32
a 1083 1082 32
a 1083 1084 45
a 1084 1083 45
a 321 1085 153
a 1085 321 153
a 1086 1087 265
a 1087 1086 265
a 534 530 317
a 530 534 317
a 1088 621 244
a 621 1088 244
a 1089 1090 58
a 1090 1089 58
a 1090 1088 248
a 1088 1090 248
a 1090 1091 254
a 1091 1090 254
a 1017 1005 475
a 1005 1017 475
a 1017 1092 319
a 1092 1017 319
a 447 440 48
a 440 447 48
a 447 1093 331
a 1093 447 331
a 460 1094 99
a 1094 460 99
a 460 1095 180
a 1095 460 180
a 464 452 432
a 452 464 432
a 464 1096 100
a 1096 464 100
a 1094 448 210
a 448 1094 210
a 458 452 197
a 452 458 197
a 516 1097 273
a 1097 516 273
a 1098 1099 157
a 1099 1098 157
a 1099 510 198
a 510 1099 198
a 509 502 66
a 502 509 66
a 507 1100 215
a 1100 507 215
a 1100 1101 125
a 1101 1100 125
a 1101 997 272
a 997 1101 272
a 426 1102 686
a 1102 426 686
a 426 1103 211
a 1103 426 211
a 515 1104 273
a 1104 515 273
a 1105 1106 35
a 1106 1105 35
a 561 1107 322
a 1107 561 322
a 561 1108 228
a 1108 561 228
a 1109 1110 67
a 1110 1109 67
a 1109 1105 158
a 1105 1109 158
a 616 1109 109
a 1109 616 109
a 616 1111 326
a 1111 616 326
a 1104 557 305
a 557 1104 305
a 668 1112 142
a 1112 668 142
a 767 743 107
a 743 767 107
a 609 1113 90
a 1113 609 90
a 1114 1115 128
a 1115 1114 128
a 138 1114 89
a 1114 138 89
a 1113 138 62
a 138 1113 62
a 1116 1117 93
a 1117 1116 93
a 1113 1116 151
a 1116 1113 151
a 1118 146 41
a 146 1118 41
a 1119 1120 265
a 1120 1119 265
a 875 1046 18
a 1046 875 18
a 872 1047 8
a 1047 872 8
a 1045 849 156
a 849 1045 156
a 1121 1110 158
a 1110 1121 158
a 1122 973 36
a 973 1122 36
a 319 1123 55
a 1123 319 55
a 928 909 328
a 909 928 328
a 928 1124 129
a 1124 928 129
a 1063 964 119
a 964 1063 119
a 1063 1125 249
a 1125 1063 249
a 1126 993 172
a 993 1126 172
a 1126 1127 292
a 1127 1126 292
a 963 1128 87
a 1128 963 87
a 1128 959 232
a 959 1128 232
a 975 1122 711
a 1122 975 711
a 1062 1129 290
a 1129 1062 290
a 1130 1026 19
a 1026 1130 19
a 1130 1131 332
a 1131 1130 332
a 1132 1133 127
a 1133 1132 127
a 897 1132 614
a 1132 897 614
a 897 1134 56
a 1134 897 56
a 1134 1135 7
a 1135 1134 7
a 1132 1136 399
a 1136 1132 399
a 1136 1137 865
a 1137 1136 865
a 1136 1138 532
a 1138 1136 532
a 1139 1014 250
a 1014 1139 250
a 1139 1140 202
a 1140 1139 202
a 399 1141 102
a 1141 399 102
a 1142 1143 287
a 1143 1142 287
a 789 1144 112
a 1144 789 112
a 1060 1145 1269
a 1145 1060 1269
a 1146 980 300
a 980 1146 300
a 1147 1148 181
a 1148 1147 181
a 1149 1150 85
a 1150 1149 85
a 1151 1152 39
a 1152 1151 39
a 1153 1154 39
a 1154 1153 39
a 1155 1041 13
a 1041 1155 13
a 1156 859 99
a 859 1156 99
a 1156 1157 6
a 1157 1156 6
a 62 886 78
a 886 62 78
a 773 757 29
a 757 773 29
a 773 1158 102
a 1158 773 102
a 784 778 113
a 778 784 113
a 800 794 109
a 794 800 109
a 784 800 95
a 800 784 95
a 786 783 75
a 783 786 75
a 799 786 102
a 786 799 102
a 1159 1160 102
a 1160 1159 102
a 1161 1162 88
a 1162 1161 88
a 1163 1164 100
a 1164 1163 100
a 787 776 58
a 776 787 58
a 787 1165 65
a 1165 787 65
a 785 753 79
a 753 785 79
a 785 1166 50
a 1166 785 50
a 694 1009 164
a 1009 694 164
a 687 1007 128
a 1007 687 128
a 694 687 108
a 687 694 108
a 707 693 52
a 693 707 52
a 703 1006 33
a 1006 703 33
a 701 686 57
a 686 701 57
a 707 701 125
a 701 707 125
a 701 703 215
a 703 701 215
a 723 706 50
a 706 723 50
a 754 751 29
a 751 754 29
a 727 700 52
a 700 727 52
a 723 727 128
a 727 723 128
a 729 702 66
a 702 729 66
a 727 729 113
a 729 727 113
a 729 754 291
a 754 729 291
a 714 696 89
a 696 714 89
a 804 792 103
a 792 804 103
a 823 798 96
a 798 823 96
a 1167 647 288
a 647 1167 288
a 1168 1169 163
a 1169 1168 163
a 1167 1168 98
a 1168 1167 98
a 1170 649 55
a 649 1170 55
a 1171 649 54
a 649 1171 54
a 1170 1171 20
a 1171 1170 20
a 711 695 107
a 695 711 107
a 712 711 61
a 711 712 61
a 796 1172 26
a 1172 796 26
a 812 793 23
a 793 812 23
a 796 812 110
a 812 796 110
a 771 761 73
a 761 771 73
a 709 672 17
a 672 709 17
a 710 1035 22
a 1035 710 22
a 709 1173 75
a 1173 709 75
a 1038 746 73
a 746 1038 73
a 710 1038 238
a 1038 710 238
a 1038 761 206
a 761 1038 206
a 1174 797 274
a 797 1174 274
a 1174 1175 329
a 1175 1174 329
a 831 1176 47
a 1176 831 47
a 1056 1177 68
a 1177 1056 68
a 945 1178 237
a 1178 945 237
a 831 1179 62
a 1179 831 62
a 1179 1180 83
a 1180 1179 83
a 811 795 12
a 795 811 12
a 852 826 145
a 826 852 145
a 829 826 94
a 826 829 94
a 811 1181 43
a 1181 811 43
a 829 852 168
a 852 829 168
a 827 797 32
a 797 827 32
a 1181 829 117
a 829 1181 117
a 853 834 145
a 834 853 145
a 855 838 60
a 838 855 60
a 855 1182 86
a 1182 855 86
a 1182 853 81
a 853 1182 81
a 839 834 65
a 834 839 65
a 1182 839 102
a 839 1182 102
a 833 828 64
a 828 833 64
a 839 833 100
a 833 839 100
a 818 810 54
a 810 818 54
a 833 818 113
a 818 833 113
a 818 1183 82
a 1183 818 82
a 1183 1184 13
a 1184 1183 13
a 817 771 171
a 771 817 171
a 1183 817 61
a 817 1183 61
a 1185 816 36
a 816 1185 36
a 845 855 43
a 855 845 43
a 836 832 48
a 832 836 48
a 1185 836 108
a 836 1185 108
a 836 845 136
a 845 836 136
a 724 1186 58
a 1186 724 58
a 1187 851 177
a 851 1187 177
a 1187 1188 161
a 1188 1187 161
a 1187 1189 118
a 1189 1187 118
a 1188 1190 53
a 1190 1188 53
a 1077 1053 377
a 1053 1077 377
a 1191 851 164
a 851 1191 164
a 1192 1187 166
a 1187 1192 166
a 837 1185 35
a 1185 837 35
a 1172 781 170
a 781 1172 170
a 1193 1194 35
a 1194 1193 35
a 1195 1011 36
a 1011 1195 36
a 960 1196 384
a 1196 960 384
a 900 878 175
a 878 900 175
a 1040 1197 35
a 1197 1040 35
a 1197 900 8
a 900 1197 8
a 1173 710 296
a 710 1173 296
a 1198 1199 33
a 1199 1198 33
a 1200 1065 309
a 1065 1200 309
a 1201 1168 90
a 1168 1201 90
a 671 1170 140
a 1170 671 140
a 1200 1202 216
a 1202 1200 216
a 670 1203 417
a 1203 670 417
a 1204 1065 158
a 1065 1204 158
a 1205 1206 60
a 1206 1205 60
a 1207 1195 10
a 1195 1207 10
a 1013 1193 15
a 1193 1013 15
a 1208 808 337
a 808 1208 337
a 1209 1174 53
a 1174 1209 53
a 780 1155 52
a 1155 780 52
a 860 801 338
a 801 860 338
a 1151 1153 118
a 1153 1151 118
a 1152 1210 71
a 1210 1152 71
a 1154 1211 66
a 1211 1154 66
a 1144 1142 109
a 1142 1144 109
a 1143 1212 210
a 1212 1143 210
a 809 1213 111
a 1213 809 111
a 1214 1215 159
a 1215 1214 159
a 1216 848 106
a 848 1216 106
a 888 885 105
a 885 888 105
a 905 885 187
a 885 905 187
a 1217 1218 63
a 1218 1217 63
a 1219 1220 172
a 1220 1219 172
a 1221 1222 53
a 1222 1221 53
a 1219 1223 89
a 1223 1219 89
a 1224 1225 104
a 1225 1224 104
a 1226 1227 994
a 1227 1226 994
a 1227 1224 119
a 1224 1227 119
a 1228 1229 252
a 1229 1228 252
a 420 1228 984
a 1228 420 984
a 1230 1225 2032
a 1225 1230 2032
a 1230 1231 278
a 1231 1230 278
a 1232 1233 60
a 1233 1232 60
a 1223 1221 95
a 1221 1223 95
a 1234 1230 149
a 1230 1234 149
a 1235 1228 190
a 1228 1235 190
a 1236 1227 272
a 1227 1236 272
a 1236 1224 279
a 1224 1236 279
a 1237 1235 913
a 1235 1237 913
a 1238 1234 671
a 1234 1238 671
a 1239 1238 28
a 1238 1239 28
a 1240 1232 769
a 1232 1240 769
a 1241 1235 388
a 1235 1241 388
a 1242 1243 1044
a 1243 1242 1044
a 1242 1244 1049
a 1244 1242 1049
a 964 959 727
a 959 964 727
a 1223 1245 83
a 1245 1223 83
a 1246 1247 33
a 1247 1246 33
a 1248 1249 95
a 1249 1248 95
a 1248 1242 81
a 1242 1248 81
a 1250 1159 13
a 1159 1250 13
a 1251 1236 1360
a 1236 1251 1360
a 1252 1253 62
a 1253 1252 62
a 1254 1241 917
a 1241 1254 917
a 1255 1256 366
a 1256 1255 366
a 1257 1236 672
a 1236 1257 672
a 1258 1240 789
a 1240 1258 789
a 1259 1260 959
a 1260 1259 959
a 1261 1248 621
a 1248 1261 621
a 1262 1261 50
a 1261 1262 50
a 1263 1262 177
a 1262 1263 177
a 1264 1265 102
a 1265 1264 102
a 1264 1259 289
a 1259 1264 289
a 1266 1264 177
a 1264 1266 177
a 1238 1260 123
a 1260 1238 123
a 1267 1268 52
a 1268 1267 52
a 340 123 1558
a 123 340 1558
a 494 1269 516
a 1269 494 516
a 1270 1271 269
a 1271 1270 269
a 1270 1257 1153
a 1257 1270 1153
a 1272 1273 943
a 1273 1272 943
a 1272 1257 1383
a 1257 1272 1383
a 1274 1273 1265
a 1273 1274 1265
a 1274 1239 1450
a 1239 1274 1450
a 1275 1274 159
a 1274 1275 159
a 1275 1266 784
a 1266 1275 784
a 340 1276 722
a 1276 340 722
a 1277 1274 217
a 1274 1277 217
a 1277 1275 207
a 1275 1277 207
a 732 641 250
a 641 732 250
a 732 1278 190
a 1278 732 190
a 1279 1280 548
a 1280 1279 548
a 1281 1261 1254
a 1261 1281 1254
a 1282 1270 712
a 1270 1282 712
a 1282 1272 1590
a 1272 1282 1590
a 1283 1279 439
a 1279 1283 439
a 1283 1284 306
a 1284 1283 306
a 1285 1286 1321
a 1286 1285 1321
a 1287 1272 953
a 1272 1287 953
a 1287 1288 185
a 1288 1287 185
a 821 1018 344
a 1018 821 344
a 1289 1282 590
a 1282 1289 590
a 1290 1291 200
a 1291 1290 200
a 1292 1281 582
a 1281 1292 582
a 821 1293 120
a 1293 821 120
a 1294 1295 85
a 1295 1294 85
a 1294 1287 324
a 1287 1294 324
a 1296 1297 316
a 1297 1296 316
a 1296 1298 413
a 1298 1296 413
a 1299 1282 789
a 1282 1299 789
a 1288 1300 320
a 1300 1288 320
a 1300 1288 320
a 1288 1300 320
a 1301 1302 76
a 1302 1301 76
a 1303 1299 253
a 1299 1303 253
a 1303 1289 578
a 1289 1303 578
a 1304 1292 240
a 1292 1304 240
a 1300 1305 82
a 1305 1300 82
a 1306 1307 328
a 1307 1306 328
a 1308 1309 213
a 1309 1308 213
a 1310 1296 393
a 1296 1310 393
a 1310 1311 450
a 1311 1310 450
a 1312 1308 231
a 1308 1312 231
a 1307 1313 49
a 1313 1307 49
a 1314 1315 144
a 1315 1314 144
a 1314 1304 185
a 1304 1314 185
a 1316 1308 177
a 1308 1316 177
a 1317 1312 437
a 1312 1317 437
a 1317 1307 392
a 1307 1317 392
a 1318 1314 43
a 1314 1318 43
a 1319 1320 428
a 1320 1319 428
a 1319 1321 716
a 1321 1319 716
a 1322 1317 179
a 1317 1322 179
a 1323 1198 15
a 1198 1323 15
a 1324 1316 222
a 1316 1324 222
a 1325 1326 53
a 1326 1325 53
a 1322 1324 689
a 1324 1322 689
a 1327 1328 68
a 1328 1327 68
a 1329 1330 60
a 1330 1329 60
a 1331 1332 1088
a 1332 1331 1088
a 1333 1325 91
a 1325 1333 91
a 1334 1310 539
a 1310 1334 539
a 1334 1335 354
a 1335 1334 354
a 1336 1329 460
a 1329 1336 460
a 1337 1338 231
a 1338 1337 231
a 1337 1331 445
a 1331 1337 445
a 1339 1340 1041
a 1340 1339 1041
a 1339 1341 218
a 1341 1339 218
a 1342 1343 75
a 1343 1342 75
a 1344 1345 324
a 1345 1344 324
a 1346 1342 242
a 1342 1346 242
a 1346 1347 90
a 1347 1346 90
a 1348 1349 264
a 1349 1348 264
a 1348 1342 276
a 1342 1348 276
a 1350 1344 448
a 1344 1350 448
a 1350 1351 1015
a 1351 1350 1015
a 1087 636 38
a 636 1087 38
a 1352 1350 331
a 1350 1352 331
a 1353 1318 1290
a 1318 1353 1290
a 1354 1352 142
a 1352 1354 142
a 1355 1348 498
a 1348 1355 498
a 1355 1352 246
a 1352 1355 246
a 1356 1337 1164
a 1337 1356 1164
a 1356 1357 909
a 1357 1356 909
a 1358 1355 210
a 1355 1358 210
a 1359 1360 42
a 1360 1359 42
a 1361 1318 2303
a 1318 1361 2303
a 1361 1346 942
a 1346 1361 942
a 1362 1350 720
a 1350 1362 720
a 1363 1362 203
a 1362 1363 203
a 1363 1364 40
a 1364 1363 40
a 1365 1361 159
a 1361 1365 159
a 1366 1361 179
a 1361 1366 179
a 1367 1356 382
a 1356 1367 382
a 1368 1362 211
a 1362 1368 211
a 1369 1363 201
a 1363 1369 201
a 1370 861 128
a 861 1370 128
a 1370 1371 115
a 1371 1370 115
a 1372 1369 189
a 1369 1372 189
a 1372 1370 57
a 1370 1372 57
a 1373 1374 361
a 1374 1373 361
a 1375 1367 350
a 1367 1375 350
a 1375 1376 342
a 1376 1375 342
a 1377 1367 719
a 1367 1377 719
a 1377 1353 1410
a 1353 1377 1410
a 1378 1379 400
a 1379 1378 400
a 1380 1377 190
a 1377 1380 190
a 1381 1382 144
a 1382 1381 144
a 1383 1384 164
a 1384 1383 164
a 1385 1375 416
a 1375 1385 416
a 1386 1336 2159
